ticker,JPM,BAC,WFC,C,GS,MS,USB,PNC,TFC,SCHW,V,MA,AXP,PYPL
JPM,1.0,0.8834374666803901,0.8040068581862302,0.8526305761944127,0.8201297098446069,0.8193500884009686,0.785984515071109,0.8247327906587835,0.776617650904609,0.6677757068797012,0.5771703853824514,0.5705743451668835,0.7385285137685409,0.3670022037387848
BAC,0.8834374666803901,1.0,0.8351843162113508,0.8680248297372573,0.8142007971156137,0.831987107266541,0.81602512336967,0.8488116209589902,0.8223304648830249,0.7192744902190384,0.5554963083201183,0.5473091543768729,0.7288450711858241,0.3746163085758986
WFC,0.8040068581862302,0.8351843162113508,1.0,0.7960788416059229,0.7468718816827923,0.7534733116890804,0.7943489882785719,0.7938796653227161,0.7828902349560974,0.6464916944469434,0.5020754161288418,0.5007996124378136,0.6953940060096144,0.3257033645499097
C,0.8526305761944127,0.8680248297372573,0.7960788416059229,1.0,0.8168679423531876,0.8187571318393546,0.7833784938923445,0.7998555039668928,0.7829638539367876,0.6412885566631015,0.5666527455741915,0.5600361614263052,0.724781931149433,0.39949203040367587
GS,0.8201297098446069,0.8142007971156137,0.7468718816827923,0.8168679423531876,1.0,0.8682053562341883,0.718489886746618,0.7526894313655541,0.7212446290879222,0.6522761816943708,0.5578796476596924,0.5554723279352943,0.7001454152765891,0.42419118830637764
MS,0.8193500884009686,0.831987107266541,0.7534733116890804,0.8187571318393546,0.8682053562341883,1.0,0.731233814889784,0.7678227605339483,0.7322757659755517,0.7103982156937619,0.5810665472645579,0.5813848115618558,0.7091819798113657,0.4392247287265051
USB,0.785984515071109,0.81602512336967,0.7943489882785719,0.7833784938923445,0.718489886746618,0.731233814889784,1.0,0.8580950313932397,0.8668892116413603,0.6559580909115378,0.5145273191086208,0.505067575812731,0.7072186137410956,0.32997426531216867
PNC,0.8247327906587835,0.8488116209589902,0.7938796653227161,0.7998555039668928,0.7526894313655541,0.7678227605339483,0.8580950313932397,1.0,0.8690938074809387,0.6702363445882488,0.5422369677599365,0.5283773852177368,0.7233507340524084,0.3715785417286807
TFC,0.776617650904609,0.8223304648830249,0.7828902349560974,0.7829638539367876,0.7212446290879222,0.7322757659755517,0.8668892116413603,0.8690938074809387,1.0,0.6623199207489805,0.509240238207612,0.4981877596026481,0.7084094606104389,0.3489140701477273
SCHW,0.6677757068797012,0.7192744902190384,0.6464916944469434,0.6412885566631015,0.6522761816943708,0.7103982156937619,0.6559580909115378,0.6702363445882488,0.6623199207489805,1.0,0.46743598604440767,0.4816182220254667,0.5750015418747866,0.3242050188456258
V,0.5771703853824514,0.5554963083201183,0.5020754161288418,0.5666527455741915,0.5578796476596924,0.5810665472645579,0.5145273191086208,0.5422369677599365,0.509240238207612,0.46743598604440767,1.0,0.8988602407586399,0.64595141750187,0.533612519114057
MA,0.5705743451668835,0.5473091543768729,0.5007996124378136,0.5600361614263052,0.5554723279352943,0.5813848115618558,0.505067575812731,0.5283773852177368,0.4981877596026481,0.4816182220254667,0.8988602407586399,1.0,0.6475696146704863,0.5418341621523227
AXP,0.7385285137685409,0.7288450711858241,0.6953940060096144,0.724781931149433,0.7001454152765891,0.7091819798113657,0.7072186137410956,0.7233507340524084,0.7084094606104389,0.5750015418747866,0.64595141750187,0.6475696146704863,1.0,0.42365116960769006
PYPL,0.3670022037387848,0.3746163085758986,0.3257033645499097,0.39949203040367587,0.42419118830637764,0.4392247287265051,0.32997426531216867,0.3715785417286807,0.3489140701477273,0.3242050188456258,0.533612519114057,0.5418341621523227,0.42365116960769006,1.0
